1148532919
1389995163
1822767010
4745098681
12235295229
13363270730
14182628011
14382265606
14702133176
15034005292
15145084447
15149154623
17655599235
18193183141
18193193464
18199793386
18629029458
19013389135
22369062448
22370435577
22370986076
22374935164
22375089544
22375616321
22375666755
22377177726
22379246124
22379262407
22383841924
22392266610
22392645857
22501556944
22505449318
22509196442
22541075474
22548650522
22552664813
22555021110
22556136238
22559053515
22564190690
22565605565
22576331139
22576808102
22577588183
22579359688
22579724003
22585767583
22586736462
22587171706
22596269778
22607218112
22607558907
22651025091
22658992849
22661364091
22661679923
22664574771
22664914901
22667757232
22671720794
22780002683
22780785853
22789794213
22792210393
22795214847
22797742707
22870347631
22879487593
22890789930
22890902308
22891548733
22892191030
22892696014
22893286956
22893632091
22893709103
22893974758
22896310331
22896721056
22896935262
22897023196
22897231363
22898332873
22898813320
22899228553
22899817711
22951000105
22951008745
22951013384
22951015302
22951017333
22951022563
22951023962
22951026935
22951031824
22951035239
22951043158
22951059082
22951073181
22951080652
22951082598
22951083878
22951085820
22951100880
22951101239
22951104626
22951106453
22951106635
22951109075
22951128160
22951148001
22951152174
22951167707
22951167849
22951190088
22951206298
22951207090
22951210016
22951220115
22951220561
22951220780
22951222135
22951222381
22951225670
22951247143
22951255288
22951282812
22951284600
22951288714
22951298033
22951305704
22951311641
22951311742
22951312734
22951324748
22951327075
22951328085
22951336450
22951342958
22951344888
22951353436
22951373292
22951374052
22951382876
22951392903
22951430459
22951445233
22951447011
22951447012
22951447295
22951448161
22951450882
22951454968
22951471330
22951483910
22951484829
22951504977
22951506783
22951509002
22951513151
22951515706
22951526443
22951526536
22951530845
22951536829
22951546815
22951554567
22951558128
22951562045
22951569109
22951577184
22951578457
22951581875
22951583189
22951589287
22951590603
22951591073
22951591245
22951592827
22951593592
22951594946
22951595508
22951595661
22951595902
22951596402
22951615430
22951616157
22951617776
22951625769
22951628580
22951637328
22951664070
22951685685
22951703656
22951710597
22951730904
22951736731
22951737385
22951740625
22951742766
22951745325
22951750856
22951778598
22951780811
22951783740
22951791425
22951791673
22951793552
22951794680
22951795500
22951797702
22951804769
22951815191
22951817379
22951819832
22951823887
22951825949
22951825985
22951826069
22951826436
22951828230
22951829018
22951838180
22951840146
22951848416
22951850894
22951859649
22951863226
22951864549
22951866157
22951867186
22951870911
22951877770
22951878653
22951881247
22951896315
22951898731
22951915742
22951919072
22951925321
22951926067
22951926135
22951927550
22951927557
22951930927
22951930990
22951931119
22951931213
22951931382
22951943943
22951944467
22951946492
22951946731
22951948122
22951948172
22951948436
22951948612
22951948757
22951951254
22951952548
22951956144
22951956461
22951960401
22951969550
22951993872
22951995003
22951998799
22952000660
22952001264
22952004715
22952005474
22952006434
22952010186
22952011253
22952024262
22952028728
22952030305
22952030405
22952030420
22952031704
22952032637
22952038596
22952038891
22952043357
22952044100
22952044605
22952045738
22952068069
22952078235
22952080781
22952083533
22952092800
22952094409
22952104061
22952105355
22952111063
22952129494
22952132166
22952144597
22952145232
22952151116
22952168142
22952168294
22952169321
22952174387
22952174545
22952177245
22952183448
22952185563
22952206803
22952207776
22952209433
22952217034
22952224138
22952225377
22952228476
22952231215
22952258214
22952258796
22952258858
22952261585
22952267230
22952267318
22952267762
22952268153
22952268609
22952268737
22952293015
22952294921
22952295533
22952296104
22952296277
22952315103
22952317708
22952317762
22952331147
22952335004
22952354384
22952356115
22952356805
22952357313
22952358003
22952364216
22952369200
22952369615
22952372092
22952372225
22952380480
22952385223
22952399253
22952409664
22952410611
22952412960
22952423082
22952441180
22952448084
22952454712
22952480418
22952484424
22952485121
22952505622
22952507966
22952513700
22952513859
22952516892
22952525878
22952532718
22952537680
22952539232
22952542585
22952546774
22952546884
22952576231
22952591867
22952593076
22952600966
22952601483
22952656416
22952665102
22952677499
22952685298
22952692836
22952693510
22952694050
22952694463
22952695943
22952711829
22952713378
22952713385
22952720096
22952721202
22952731645
22952734018
22952734444
22952735555
22952743162
22952744164
22952746289
22952746401
22952746787
22952747604
22952747935
22952750554
22952752814
22952753444
22952756042
22952756901
22952762198
22952769924
22952780677
22952796426
22952804032
22952812569
22952812797
22952813276
22952813317
22952819642
22952820980
22952822101
22952822110
22952843728
22952846610
22952855623
22952855833
22952865074
22952871388
22952882772
22952893736
22952899740
22952901890
22952902039
22952903503
22952921808
22952923878
22952926603
22952933672
22952937131
22952939208
22952939618
22952952856
22952960154
22952963854
22952965393
22952973116
22952987190
22952987779
22952988728
22952996832
22952999638
22953000781
22953002627
22953003116
22953005338
22953005993
22953009524
22953010500
22953011783
22953012637
22953038268
22953039514
22953040090
22953040478
22953040550
22953040874
22953041406
22953042295
22953042795
22953045593
22953047265
22953047419
22953051941
22953060402
22953064129
22953067305
22953075643
22953082090
22953088558
22953096111
22953101673
22953112626
22953121204
22953127416
22953146229
22953146334
22953162635
22953170822
22953182516
22953198794
22953200035
22953209092
22953209210
22953222285
22953225083
22953232751
22953238833
22953259325
22953271627
22953273373
22953280794
22953281226
22953281762
22953287524
22953293184
22953300010
22953300220
22953300287
22953300869
22953301120
22953302967
22953309755
22953315040
22953360732
22953365074
22953375376
22953391113
22953392605
22953412484
22953425240
22953437316
22953438433
22953440531
22953444477
22953444478
22953452470
22953491700
22953496229
22953500742
22953504706
22953509599
22953525744
22953535532
22953536313
22953540345
22953544552
22953545866
22953546094
22953557606
22953560584
22953562277
22953600857
22953631414
22953634514
22953637094
22953648325
22953652503
22953671029
22953688299
22953696211
22953705876
22953712647
22953727407
22953727694
22953729010
22953730018
22953734638
22953735710
22953745233
22953767253
22953776925
22953777904
22953786784
22953794379
22953797925
22953809935
22953810732
22953823725
22953824715
22953830633
22953840492
22953841222
22953842201
22953842636
22953842764
22953845945
22953850963
22953865615
22953879120
22953880936
22953884492
22953888220
22953889906
22953890672
22953891005
22953905192
22953907808
22953914817
22953929457
22953931464
22953931732
22953932112
22953934820
22953940899
22953941477
22953941590
22953947130
22953955007
22953955915
22953959265
22953966774
22953967527
22953967569
22953968325
22953968558
22953972474
22953979659
22953987999
22953988658
22953989309
22953989638
22953994415
22953998884
22954005099
22954007825
22954033804
22954036015
22954037112
22954058056
22954068692
22954075365
22954079721
22954095654
22954100706
22954102476
22954103146
22954103723
22954106635
22954107550
22954118361
22954140923
22954142280
22954143272
22954143277
22954150518
22954151056
22954152590
22954155595
22954159735
22954169374
22954175832
22954178328
22954182588
22954183008
22954183301
22954183605
22954188711
22954194072
22954198229
22954209363
22954225582
22954229122
22954236263
22954246288
22954256365
22954272482
22954278284
22954280143
22954303830
22954322661
22954326099
22954326551
22954329618
22954330137
22954330256
22954330691
22954331171
22954331729
22954335623
22954341809
22954378095
22954379647
22954391319
22954416396
22954429028
22954452005
22954490432
22954500100
22954502965
22954503013
22954504826
22954543236
22954563048
22954618851
22954619314
22954645642
22954649563
22954650066
22954651583
22954666223
22954671073
22954676586
22954695469
22954718863
22954732503
22954737109
22954753454
22954800338
22954817601
22954829636
22954839514
22954842472
22954890885
22954891106
22954891109
22954891263
22954911988
22954912090
22954913850
22954914520
22954916075
22954919428
22954935633
22954949417
22954986100
22955005302
22955005322
22955005593
22955007135
22955016155
22955016629
22955021010
22955027490
22955028104
22955050102
22955069838
22955070272
22955080143
22955091931
22955173299
22955217905
22955220192
22955231205
22955237722
22955505948
22955572200
22955582218
22955607584
22955608496
22955611569
22955611823
22956018844
22956032454
22956045184
22956095256
22956115330
22956186848
22956199301
22956211224
22956235972
22956260344
22956264978
22956314115
22956325580
22956368891
22956462340
22956462472
22956500705
22956500961
22956529059
22956535123
22956535297
22956540799
22956548565
22956550971
22956612373
22956750014
22956777665
22956789599
22956877312
22956891508
22956983397
22956993998
22957051542
22957133290
22957160620
22957229179
22957323758
22957547094
22960002502
22960007587
22960007688
22960008037
22960053540
22960053737
22960085920
22960094582
22960099381
22960103495
22960105619
22960105863
22960112927
22960121216
22960123884
22960126141
22960145559
22960147070
22960149346
22960185862
22960210808
22960235626
22960237620
22960257698
22960301606
22960304147
22960308789
22960315604
22960323108
22960343266
22960370946
22960372825
22960380666
22960386838
22960420078
22960426209
22960436091
22960441272
22960447999
22960454235
22960461617
22960479373
22960479507
22960530921
22960545500
22960548792
22960549994
22960558487
22960573777
22960595335
22960597010
22960631717
22960637007
22960639424
22960644104
22960657997
22960661190
22960663730
22960673972
22960689995
22960701169
22960707173
22960715471
22960726316
22960749033
22960769324
22960771885
22960800621
22960806766
22960807727
22960807899
22960807992
22960830601
22960834377
22960900497
22960900560
22960902868
22960907374
22960940092
22960977470
22960980500
22961000511
22961001168
22961002167
22961002929
22961003979
22961005012
22961005558
22961006749
22961007822
22961008611
22961010363
22961011001
22961011110
22961012186
22961012587
22961012764
22961013553
22961013928
22961015756
22961015759
22961016341
22961019292
22961019353
22961020303
22961020733
22961024931
22961034747
22961036001
22961043430
22961045743
22961050255
22961051616
22961052670
22961052881
22961060587
22961061313
22961063450
22961064488
22961068384
22961074171
22961077210
22961079657
22961082611
22961082868
22961087293
22961088562
22961100123
22961103172
22961105947
22961108304
22961109550
22961110285
22961111322
22961115253
22961115432
22961117026
22961120539
22961123007
22961123047
22961123565
22961124144
22961128256
22961135174
22961137370
22961144474
22961149528
22961149803
22961149914
22961151043
22961155322
22961158494
22961160734
22961161736
22961166118
22961170298
22961171599
22961173725
22961181406
22961183934
22961184021
22961185109
22961187887
22961189792
22961190527
22961190816
22961191491
22961194085
22961196012
22961197403
22961198951
22961200527
22961204488
22961205155
22961209766
22961212205
22961213238
22961214335
22961217673
22961218982
22961220749
22961220990
22961222511
22961230109
22961230173
22961233186
22961240114
22961240583
22961243683
22961243959
22961244315
22961247688
22961249666
22961249671
22961249949
22961250000
22961250349
22961253535
22961253781
22961254325
22961254863
22961258454
22961260436
22961269072
22961270568
22961272552
22961273829
22961274410
22961275721
22961281315
22961283270
22961286854
22961300301
22961301818
22961303236
22961307636
22961308184
22961309568
22961313997
22961316298
22961319346
22961322302
22961326320
22961327455
22961328924
22961329305
22961329320
22961329531
22961330217
22961332183
22961340219
22961344852
22961346153
22961347076
22961347906
22961348834
22961349915
22961367562
22961371296
22961373176
22961373775
22961374136
22961378539
22961378614
22961381428
22961381831
22961388276
22961390141
22961393117
22961393294
22961394170
22961398427
22961400342
22961403712
22961405056
22961414955
22961415261
22961421088
22961421462
22961424643
22961424737
22961432608
22961436809
22961436996
22961440602
22961446608
22961450834
22961454350
22961460081
22961460891
22961464711
22961466610
22961468123
22961470408
22961474700
22961475781
22961476927
22961482224
22961482322
22961485705
22961488599
22961508442
22961512514
22961513575
22961516528
22961516964
22961517391
22961522646
22961523904
22961525120
22961529403
22961530336
22961535111
22961537372
22961538040
22961544284
22961545118
22961545999
22961548171
22961554958
22961555751
22961558648
22961560870
22961561434
22961561461
22961561517
22961562057
22961573473
22961575443
22961584166
22961588924
22961595203
22961596368
22961597241
22961598859
22961599144
22961602818
22961608553
22961613088
22961613314
22961613464
22961613581
22961615033
22961615663
22961615960
22961617676
22961617690
22961618656
22961621485
22961623820
22961625808
22961625902
22961626574
22961627673
22961631123
22961634819
22961637647
22961639041
22961640292
22961641606
22961644410
22961652451
22961653761
22961654251
22961654890
22961655698
22961657157
22961659636
22961660696
22961665089
22961666867
22961669699
22961671528
22961672018
22961674759
22961675421
22961676605
22961676742
22961678995
22961683873
22961683877
22961686539
22961690203
22961694481
22961698226
22961700030
22961703490
22961704523
22961708865
22961718521
22961721202
22961723031
22961726407
22961728558
22961735659
22961740483
22961740815
22961742174
22961744527
22961745448
22961748858
22961749897
22961750381
22961751946
22961752683
22961752728
22961752730
22961755442
22961757406
22961761222
22961761718
22961764665
22961765744
22961770321
22961775436
22961776350
22961777000
22961777950
22961782859
22961783660
22961784656
22961787555
22961793945
22961805683
22961808697
22961813117
22961815376
22961815560
22961815860
22961818195
22961823405
22961825817
22961828377
22961828486
22961830272
22961830273
22961832052
22961835319
22961836486
22961837096
22961837313
22961837862
22961844039
22961848546
22961848887
22961851392
22961852077
22961855085
22961860639
22961861435
22961864406
22961864966
22961865470
22961868727
22961872944
22961874965
22961877585
22961880804
22961882206
22961883815
22961885080
22961886773
22961886971
22961888160
22961889228
22961890880
22961904693
22961906169
22961908074
22961911594
22961917079
22961920432
22961922552
22961923909
22961931626
22961935096
22961935205
22961941438
22961942672
22961944202
22961947961
22961948415
22961949214
22961949282
22961950232
22961950248
22961956155
22961961061
22961965354
22961966177
22961969764
22961972492
22961973880
22961975319
22961975970
22961980045
22961984740
22962010407
22962010655
22962011801
22962013509
22962013656
22962014527
22962015265
22962015362
22962017062
22962018849
22962021831
22962023646
22962028432
22962031095
22962032208
22962036170
22962037672
22962040905
22962042756
22962047366
22962048527
22962049947
22962049968
22962050666
22962050734
22962056894
22962060601
22962065573
22962066392
22962072329
22962077464
22962078965
22962081212
22962085598
22962088750
22962089390
22962094810
22962096752
22962104382
22962105410
22962105640
22962107527
22962111804
22962112950
22962115695
22962116364
22962116674
22962126787
22962127045
22962128070
22962130202
22962140306
22962141161
22962143372
22962146564
22962147049
22962151507
22962152343
22962152766
22962153626
22962162651
22962164143
22962167427
22962170643
22962170705
22962175014
22962187988
22962190899
22962191925
22962196140
22962201275
22962203246
22962204095
22962205751
22962209414
22962214469
22962218742
22962225505
22962232861
22962234070
22962246822
22962248144
22962252135
22962255515
22962256303
22962256537
22962259290
22962261758
22962262620
22962265306
22962273176
22962276462
22962279899
22962286273
22962290308
22962299437
22962310131
22962310375
22962313669
22962316334
22962322262
22962324532
22962329839
22962330707
22962332806
22962338691
22962339718
22962347914
22962354620
22962365596
22962366564
22962377662
22962382816
22962384064
22962384519
22962386005
22962390806
22962395327
22962402580
22962405241
22962417611
22962419269
22962429199
22962431245
22962433815
22962439332
22962445287
22962445543
22962448102
22962455327
22962458150
22962458764
22962469058
22962471775
22962477791
22962478578
22962484746
22962485493
22962505125
22962505416
22962505966
22962508165
22962508867
22962532013
22962533278
22962534376
22962535610
22962536329
22962540172
22962546120
22962548491
22962550271
22962554038
22962555903
22962557504
22962560973
22962565330
22962567326
22962568531
22962573110
22962573863
22962574724
22962575171
22962578010
22962578831
22962582798
22962584278
22962589167
22962591842
22962593213
22962596347
22962596785
22962598317
22962600859
22962601348
22962601456
22962605501
22962606024
22962607251
22962610476
22962610593
22962612123
22962612212
22962613581
22962614219
22962617121
22962620878
22962622082
22962622278
22962622340
22962622463
22962623128
22962625458
22962625538
22962628933
22962629579
22962630762
22962634763
22962635334
22962636141
22962638095
22962638299
22962639786
22962640110
22962641987
22962647811
22962649809
22962658812
22962675163
22962683271
22962683457
22962688611
22962689477
22962691453
22962693116
22962696006
22962702982
22962704389
22962706353
22962706928
22962710353
22962711731
22962712261
22962714823
22962715814
22962717127
22962718380
22962720473
22962721939
22962727030
22962727272
22962731157
22962748826
22962750727
22962755029
22962755039
22962755207
22962756272
22962757856
22962769912
22962774729
22962776567
22962776784
22962779477
22962786082
22962786456
22962789340
22962790602
22962793209
22962794993
22962797616
22962797960
22962800628
22962803004
22962804155
22962808700
22962811396
22962812865
22962813250
22962816436
22962822980
22962823134
22962825169
22962825397
22962832528
22962833659
22962838434
22962838468
22962842098
22962842464
22962842803
22962843383
22962849625
22962850684
22962854730
22962858177
22962862026
22962863744
22962863782
22962871229
22962873242
22962874787
22962879664
22962885717
22962892389
22962897847
22962898564
22962901139
22962903027
22962903096
22962905056
22962906208
22962906589
22962908762
22962912891
22962913620
22962916152
22962916427
22962917191
22962920119
22962930047
22962931028
22962931480
22962932164
22962939090
22962940664
22962940722
22962941549
22962945990
22962946606
22962958966
22962962272
22962964282
22962979538
22962979875
22962990814
22962996920
22963001624
22963027505
22963039403
22963064814
22963065466
22963086850
22963097515
22963123513
22963136666
22963143967
22963151965
22963161346
22963161410
22963169487
22963189290
22963191501
22963195152
22963205097
22963213759
22963222940
22963226595
22963238438
22963251403
22963266307
22963290378
22963299805
22963315263
22963329049
22963331202
22963340367
22963363638
22963364265
22963369914
22963389338
22963393278
22963422057
22963433362
22963468988
22963506322
22963517109
22963545833
22963571293
22963586173
22963588510
22963596255
22963600351
22963604449
22963623924
22963634246
22963646435
22963657324
22963660427
22963661195
22963690331
22963727346
22963729500
22963745616
22963787839
22963789464
22963802629
22963808464
22963820299
22963874524
22963889361
22963908904
22963916002
22963952295
22963954099
22963968849
22963985158
22963992866
22964012338
22964012860
22964013531
22964013721
22964032629
22964063564
22964078293
22964082731
22964115556
22964133678
22964142148
22964170110
22964205897
22964208074
22964237154
22964268701
22964278260
22964284714
22964313830
22964342289
22964343831
22964382016
22964398734
22964412784
22964432280
22964448164
22964454450
22964486428
22964531874
22964532863
22964534973
22964561064
22964562912
22964565273
22964565357
22964568679
22964570086
22964579770
22964583300
22964606336
22964613352
22964616178
22964629195
22964635849
22964635959
22964642424
22964644071
22964649870
22964650007
22964650746
22964651206
22964666615
22964673896
22964687879
22964696463
22964700339
22964708064
22964727935
22964746509
22964757765
22964781977
22964790814
22964790969
22964799695
22964828886
22964830379
22964873225
22964873421
22964877673
22964901568
22964910591
22964911777
22964943838
22964960603
22964986287
22964991076
22964991632
22965016787
22965028400
22965040186
22965045470
22965053581
22965064548
22965080532
22965094341
22965108538
22965116379
22965117323
22965122071
22965127390
22965138843
22965141630
22965162425
22965177875
22965215627
22965216725
22965250133
22965294332
22965304030
22965332207
22965333074
22965338330
22965349434
22965351072
22965354227
22965369979
22965382238
22965386245
22965393545
22965397311
22965405183
22965435062
22965438504
22965442470
22965486519
22965492848
22965501415
22965512028
22965512571
22965515351
22965535039
22965542090
22965559003
22965559023
22965575023
22965611115
22965620725
22965627025
22965636773
22965636941
22965638359
22965650710
22965654465
22965660430
22965663126
22965670206
22965672927
22965685298
22965685822
22965711311
22965715143
22965756135
22965758072
22965766464
22965771808
22965775688
22965781348
22965785296
22965789578
22965825664
22965870640
22965885933
22965903435
22965911703
22965932330
22965938486
22965943874
22965962322
22965965692
22965988182
22966000552
22966002228
22966002267
22966002565
22966002813
22966005510
22966008100
22966008527
22966009800
22966010322
22966012465
22966013738
22966016015
22966016864
22966017094
22966018257
22966024499
22966024501
22966025254
22966029369
22966031751
22966032269
22966034485
22966034732
22966036874
22966039595
22966040750
22966041652
22966043896
22966045822
22966049756
22966052915
22966055639
22966059480
22966060608
22966060999
22966061378
22966061971
22966072513
22966077195
22966078518
22966080148
22966080930
22966082500
22966082528
22966083328
22966083637
22966084316
22966084661
22966091017
22966100364
22966110311
22966118975
22966122553
22966132941
22966142254
22966144296
22966150781
22966150937
22966153202
22966153487
22966156795
22966157058
22966158119
22966165673
22966168564
22966170203
22966172421
22966172929
22966174417
22966176587
22966179733
22966180260
22966184364
22966185300
22966185654
22966185888
22966186352
22966186462
22966190860
22966191379
22966191773
22966194083
22966194483
22966199288
22966202172
22966202565
22966203473
22966203672
22966205510
22966207270
22966210456
22966211800
22966212237
22966214543
22966216020
22966220893
22966223463
22966225265
22966227172
22966228067
22966228755
22966230030
22966231232
22966234275
22966235328
22966235953
22966236935
22966241876
22966247850
22966248926
22966250227
22966251310
22966252200
22966252566
22966253039
22966254549
22966256220
22966259100
22966259520
22966260582
22966261472
22966263800
22966264111
22966266720
22966267647
22966268311
22966269040
22966269253
22966272024
22966272067
22966272094
22966272684
22966276852
22966281410
22966281752
22966282966
22966284555
22966290864
22966291468
22966291627
22966293662
22966298125
22966298280
22966301740
22966303032
22966305028
22966306989
22966306993
22966307403
22966310510
22966312730
22966314140
22966314552
22966319901
22966320703
22966323234
22966326073
22966326448
22966329928
22966330074
22966332618
22966336393
22966337944
22966340967
22966341353
22966344471
22966346685
22966351185
22966353100
22966355868
22966356218
22966358656
22966359006
22966360417
22966361626
22966370038
22966375295
22966376458
22966380827
22966382478
22966386194
22966390991
22966391652
22966393734
22966393790
22966396303
22966397356
22966400949
22966405300
22966405857
22966407548
22966407818
22966409633
22966409714
22966410672
22966413356
22966414552
22966417039
22966418173
22966426421
22966426748
22966431678
22966433422
22966434094
22966435059
22966435709
22966447928
22966451341
22966455448
22966459035
22966463106
22966464203
22966464876
22966467461
22966468281
22966469434
22966470994
22966471613
22966471768
22966472884
22966476348
22966476952
22966477295
22966480649
22966481362
22966482828
22966483940
22966485160
22966486361
22966489984
22966491686
22966497789
22966500794
22966505052
22966509302
22966509707
22966511276
22966511495
22966514810
22966515141
22966515174
22966515640
22966515874
22966516405
22966520070
22966521016
22966521862
22966522423
22966524548
22966524551
22966525252
22966525654
22966531119
22966534654
22966534896
22966537867
22966540876
22966541938
22966544069
22966544222
22966549154
22966550463
22966552527
22966555429
22966556182
22966556698
22966559755
22966563884
22966565538
22966565644
22966569658
22966573144
22966573181
22966575267
22966581112
22966582898
22966591168
22966591388
22966592985
22966594215
22966595544
22966597459
22966611014
22966611513
22966612708
22966613542
22966613755
22966615393
22966616532
22966619548
22966620857
22966621149
22966621578
22966622850
22966625959
22966626012
22966630966
22966633264
22966634151
22966636151
22966636152
22966636979
22966641184
22966641495
22966646249
22966651160
22966651846
22966652888
22966658420
22966659930
22966660984
22966661910
22966662305
22966663141
22966663450
22966664878
22966664884
22966665154
22966665580
22966666385
22966670323
22966670370
22966672092
22966673622
22966674007
22966675078
22966675398
22966676638
22966677656
22966680307
22966680331
22966683411
22966688594
22966691816
22966692971
22966693907
22966694047
22966695830
22966704327
22966708882
22966709959
22966721284
22966724280
22966724402
22966724907
22966727978
22966730329
22966730353
22966730474
22966730871
22966732856
22966732880
22966735326
22966735383
22966736141
22966736234
22966736454
22966737424
22966739096
22966741705
22966743907
22966744829
22966745083
22966745140
22966745147
22966746160
22966746207
22966748909
22966749848
22966752849
22966760176
22966762496
22966763848
22966764375
22966765560
22966770270
22966780738
22966780999
22966781119
22966782146
22966787188
22966796971
22966800411
22966801287
22966802260
22966803510
22966810310
22966814501
22966814882
22966818098
22966819618
22966823346
22966827459
22966828314
22966829231
22966831062
22966831208
22966833303
22966834092
22966840028
22966840112
22966845066
22966849760
22966851608
22966851777
22966853380
22966855860
22966856011
22966856048
22966859831
22966860090
22966866241
22966871254
22966875751
22966883302
22966885383
22966885583
22966887708
22966890620
22966898254
22966907357
22966925034
22966928653
22966932384
22966933381
22966933465
22966934701
22966936216
22966939350
22966941216
22966945557
22966952956
22966957358
22966959887
22966959926
22966960342
22966963583
22966965352
22966967279
22966967340
22966969009
22966970366
22966974118
22966974550
22966981439
22966982151
22966983113
22966985040
22966986512
22966988627
22966992737
22966994215
22966996466
22966996794
22966997642
22966998554
22967002929
22967004322
22967005716
22967012122
22967015929
22967019007
22967019091
22967020556
22967025095
22967027574
22967028869
22967030939
22967031115
22967031204
22967032411
22967033784
22967034948
22967035018
22967035044
22967036363
22967036733
22967038079
22967038624
22967039275
22967040721
22967044037
22967046485
22967047684
22967050411
22967058495
22967058586
22967061805
22967063461
22967066793
22967067852
22967068507
22967069232
22967074005
22967074675
22967077467
22967079718
22967082780
22967086027
22967087527
22967104738
22967105354
22967111850
22967115343
22967115812
22967119434
22967122581
22967125583
22967126158
22967126597
22967126939
22967127075
22967128236
22967128451
22967136730
22967137901
22967138766
22967141263
22967142810
22967158708
22967161762
22967165174
22967167265
22967171176
22967176647
22967179839
22967182875
22967184624
22967185131
22967189551
22967191225
22967191508
22967191746
22967194448
22967198200
22967201089
22967201488
22967201521
22967201827
22967201917
22967203786
22967204359
22967204438
22967205087
22967205789
22967206180
22967206653
22967208375
22967209430
22967211971
22967212114
22967212394
22967216250
22967216934
22967221468
22967221917
22967222062
22967224571
22967232095
22967232790
22967233093
22967233124
22967233658
22967236736
22967236827
22967236999
22967239032
22967239609
22967243649
22967245081
22967245452
22967245868
22967247202
22967252610
22967253496
22967259308
22967264822
22967269991
22967270536
22967272558
22967275268
22967276490
22967279745
22967280780
22967290355
22967290411
22967292213
22967292266
22967293732
22967294788
22967296386
22967300866
22967309136
22967311276
22967311632
22967313181
22967316583
22967317374
22967318948
22967319539
22967322974
22967329831
22967330483
22967330522
22967331502
22967332832
22967333382
22967336131
22967340114
22967341774
22967342206
22967342421
22967342860
22967343143
22967345840
22967346055
22967347204
22967350292
22967352212
22967352648
22967354116
22967355246
22967360974
22967363487
22967367601
22967369936
22967370850
22967375256
22967376245
22967379246
22967379505
22967381766
22967384081
22967386138
22967388687
22967393349
22967398979
22967401260
22967401881
22967404578
22967407523
22967407714
22967408272
22967413437
22967414583
22967414713
22967420342
22967424077
22967425702
22967429205
22967431056
22967431171
22967431666
22967432026
22967432687
22967435649
22967438533
22967439269
22967439464
22967441718
22967443697
22967448936
22967450462
22967455974
22967461940
22967471646
22967472254
22967472519
22967474262
22967478537
22967483461
22967487090
22967511638
22967515334
22967515335
22967516588
22967518551
22967520400
22967520556
22967522146
22967522353
22967522603
22967524007
22967525592
22967527085
22967528377
22967530732
22967533272
22967535241
22967535333
22967536275
22967537578
22967538302
22967541124
22967542094
22967543040
22967543085
22967546943
22967548440
22967549232
22967549350
22967549877
22967550254
22967550500
22967551052
22967551395
22967553742
22967554421
22967554578
22967563230
22967564627
22967565024
22967566710
22967569369
22967577515
22967579873
22967582490
22967583880
22967584786
22967589819
22967595286
22967595453
22967596440
22967597515
22967599612
22967599781
22967601838
22967602096
22967605146
22967605287
22967605814
22967610001
22967614250
22967616948
22967617849
22967618689
22967619547
22967624098
22967626222
22967627200
22967632697
22967635500
22967643429
22967644430
22967645332
22967646254
22967646960
22967650707
22967652590
22967654833
22967655192
22967657024
22967657942
22967660792
22967662161
22967663776
22967666151
22967666349
22967666354
22967666813
22967666884
22967667807
22967670230
22967671495
22967673203
22967683923
22967684272
22967690674
22967695234
22967697242
22967697880
22967698331
22967700207
22967700738
22967707553
22967709774
22967714044
22967715408
22967716632
22967720474
22967720532
22967720539
22967721000
22967722506
22967723180
22967727751
22967729170
22967730065
22967730914
22967731843
22967731921
22967732946
22967734450
22967737377
22967737450
22967740602
22967743412
22967745703
22967746014
22967748843
22967751073
22967753265
22967754089
22967754445
22967757819
22967758504
22967758959
22967759343
22967760803
22967761877
22967763717
22967768235
22967769071
22967770615
22967773326
22967775185
22967776247
22967778611
22967778726
22967780428
22967781814
22967783121
22967785305
22967786949
22967789111
22967797533
22967806001
22967806653
22967806814
22967807870
22967808443
22967808673
22967813508
22967813637
22967814589
22967814774
22967815954
22967816611
22967817704
22967817920
22967818536
22967819679
22967820364
22967827013
22967827659
22967830946
22967840056
22967842412
22967844016
22967851022
22967851652
22967851970
22967856598
22967857373
22967859613
22967860679
22967863444
22967866458
22967866736
22967868455
22967870120
22967870842
22967873278
22967874909
22967877660
22967878734
22967882312
22967884820
22967884997
22967889132
22967895003
22967896136
22967897672
22967902959
22967904300
22967904799
22967905066
22967905135
22967907336
22967908908
22967912034
22967914454
22967915735
22967919932
22967919996
22967920639
22967921478
22967924487
22967926245
22967927151
22967927501
22967952324
22967953816
22967955421
22967955702
22967956708
22967960123
22967966216
22967966388
22967966390
22967967070
22967970469
22967976073
22967976775
22967980222
22967987170
22967994869
22967996263
22967998948
22968000002
22968002077
22968031669
22968037055
22968072921
22968087862
22968116154
22968125360
22968148874
22968151102
22968154878
22968156551
22968165576
22968174712
22968209195
22968251443
22968293574
22968342005
22968349523
22968350527
22968360406
22968455976
22968456378
22968457394
22968490007
22968513373
22968519766
22968519960
22968525782
22968531466
22968539336
22968564848
22968569737
22968571821
22968581564
22968581973
22968599882
22968606432
22968614781
22968630386
22968638103
22968670046
22968676541
22968679860
22968710571
22968714769
22968716850
22968730046
22968744693
22968792047
22968830775
22968833944
22968840241
22968841819
22968854421
22968876709
22968877309
22968900081
22968935572
22968936853
22968937265
22968942560
22968963656
22968975021
22968997972
22969000140
22969002015
22969002749
22969003056
22969003858
22969003961
22969008742
22969021769
22969030998
22969036124
22969040738
22969042245
22969045843
22969048868
22969052367
22969060759
22969065105
22969070735
22969072266
22969078913
22969079401
22969080449
22969083881
22969085523
22969088332
22969094320
22969095084
22969096509
22969096919
22969113097
22969115027
22969120306
22969120525
22969124257
22969128704
22969129599
22969141403
22969142901
22969145868
22969151356
22969156300
22969159129
22969168599
22969172873
22969182549
22969185084
22969189946
22969194224
22969200018
22969215064
22969232304
22969255741
22969257382
22969259495
22969275600
22969283088
22969283581
22969284516
22969286701
22969289002
22969291477
22969306860
22969312122
22969312821
22969313959
22969313977
22969325626
22969325735
22969346014
22969348489
22969357407
22969358327
22969361248
22969366101
22969377737
22969384444
22969400723
22969411824
22969421504
22969424232
22969425528
22969426819
22969428083
22969434397
22969438853
22969439150
22969444151
22969450010
22969461279
22969486657
22969487050
22969493073
22969495502
22969530417
22969530835
22969534925
22969554558
22969555538
22969563233
22969577184
22969580944
22969584924
22969586402
22969587080
22969600746
22969600772
22969600790
22969607416
22969620934
22969639968
22969641415
22969644897
22969651144
22969653087
22969662969
22969663131
22969670936
22969672776
22969677474
22969681424
22969693557
22969698073
22969706936
22969710303
22969724777
22969734703
22969736868
22969737671
22969737981
22969739902
22969740781
22969741247
22969741979
22969744241
22969744988
22969756341
22969764233
22969765593
22969777232
22969780615
22969780940
22969781296
22969788305
22969798425
22969800248
22969803393
22969806507
22969810504
22969814182
22969815081
22969825027
22969825299
22969825747
22969837777
22969838302
22969843215
22969856220
22969856266
22969857777
22969858253
22969858274
22969859707
22969866215
22969872699
22969873424
22969885222
22969886874
22969896950
22969905632
22969910278
22969910834
22969915566
22969929162
22969933151
22969938640
22969940195
22969961474
22969965306
22969976186
22969984443
22990003600
22990003699
22990003820
22990004217
22990007281
22990011234
22990016853
22990037260
22990063274
22990075707
22990077134
22990088047
22990091560
22990096546
22990099106
22990104487
22990107058
22990116482
22990122481
22990122519
22990122526
22990122648
22990138637
22990144225
22990154538
22990165071
22990166633
22990169569
22990171320
22990171746
22990180603
22990181814
22990181817
22990182017
22990182665
22990188188
22990188215
22990196592
22990207005
22990220484
22990221182
22990222831
22990235440
22990242736
22990259365
22990265658
22990279112
22990298868
22990300867
22990313376
22990314587
22990320786
22990332203
22990347825
22990351699
22990379191
22990382675
22990383629
22990387043
22990388696
22990388978
22990390701
22990391301
22990401499
22990406479
22990414222
22990424391
22990430840
22990432759
22990466608
22990480400
22990481473
22990492341
22990495605
22990506009
22990507556
22990508608
22990526642
22990547418
22990552272
22990557386
22990570126
22990572024
22990585552
22990585817
22990599594
22990615282
22990633664
22990634821
22990640123
22990647213
22990648644
22990650866
22990658632
22990671816
22990682662
22990685703
22990692200
22990708952
22990715252
22990728029
22990730375
22990730458
22990737787
22990739905
22990745302
22990749160
22990760210
22990775650
22990784307
22990788325
22990795370
22990804449
22990807858
22990809611
22990828270
22990839720
22990853131
22990854690
22990854968
22990872219
22990880057
22990880252
22990882485
22990882528
22990883616
22990892249
22990892403
22990898986
22990907446
22990908000
22990912510
22990912693
22990916990
22990918862
22990924000
22990929507
22990930116
22990931830
22990931949
22990935099
22990936972
22990942471
22990943765
22990944075
22990944587
22990950092
22990951725
22990960326
22990960709
22990961612
22990964826
22990972666
22990974702
22990995634
22991000877
22991002689
22991004815
22991005190
22991011534
22991022877
22991026729
22991030130
22991038778
22991041683
22991052025
22991053122
22991053434
22991054044
22991061524
22991065279
22991079495
22991086884
22991088057
22991091822
22991100517
22991100768
22991102133
22991104555
22991112454
22991113634
22991115951
22991117964
22991125395
22991132996
22991134110
22991144647
22991153961
22991157372
22991162517
22991162885
22991163113
22991167424
22991169237
22991180738
22991182313
22991195787
22991204643
22991212926
22991213031
22991218489
22991219952
22991224491
22991232797
22991237923
22991240315
22991249700
22991261023
22991268656
22991271536
22991279948
22991285799
22991292282
22991292537
22991294578
22991295093
22991301949
22991312707
22991323246
22991323368
22991323519
22991323679
22991345545
22991355480
22991373080
22991376946
22991381981
22991383120
22991383865
22991385518
22991389048
22991409566
22991410101
22991430782
22991435857
22991440743
22991441089
22991449880
22991464747
22991472336
22991473683
22991481419
22991490306
22991502095
22991510190
22991514403
22991520101
22991520490
22991536648
22991576253
22991580038
22991590195
22991612023
22991633782
22991658881
22991666261
22991669225
22991671615
22991684801
22991686378
22991691403
22991703752
22991713288
22991719997
22991725506
22991736230
22991737226
22991752592
22991754039
22991762683
22991780200
22991793868
22991796412
22991799071
22991805655
22991813389
22991818312
22991833320
22991834455
22991836680
22991836938
22991846012
22991847028
22991858740
22991870621
22991873887
22991905940
22991908047
22991914541
22991920168
22991921224
22991924654
22991926509
22991945241
22991946946
22991947569
22991947981
22991960468
22991972540
22991990077
22991997135
22994001744
22994033943
22994044737
22994048452
22994049417
22994061941
22994065917
22994073459
22994080646
22994115023
22994146230
22994148311
22994148732
22994149938
22994154776
22994161438
22994178766
22994180643
22994181967
22994187695
22994189323
22994189998
22994192167
22994202951
22994212127
22994213139
22994215190
22994220548
22994224548
22994233643
22994234225
22994235188
22994235719
22994236450
22994238923
22994247326
22994252992
22994254641
22994264978
22994288632
22994288773
22994298111
22994300676
22994302712
22994304519
22994304709
22994323130
22994323555
22994343738
22994362318
22994374365
22994377897
22994384339
22994385328
22994392784
22994395449
22994415946
22994424940
22994429823
22994442647
22994457979
22994462331
22994468663
22994473095
22994474168
22994488417
22994501208
22994517456
22994522007
22994523030
22994532316
22994532925
22994536195
22994536488
22994546963
22994548525
22994551975
22994555156
22994556755
22994558672
22994568908
22994586132
22994602808
22994606230
22994607157
22994608465
22994627286
22994638424
22994644271
22994646223
22994659495
22994673617
22994674083
22994681274
22994688950
22994691495
22994692196
22994693086
22994694712
22994707854
22994708624
22994720672
22994741296
22994742636
22994744337
22994746041
22994747506
22994749566
22994755772
22994760081
22994776464
22994784477
22994786792
22994788464
22994792667
22994801161
22994810952
22994817251
22994819171
22994823629
22994834804
22994843196
22994846075
22994846634
22994851313
22994864662
22994870780
22994871158
22994876994
22994888995
22994894229
22994896588
22994898992
22994900578
22994909023
22994922993
22994935308
22994941123
22994946349
22994946434
22994948024
22994949926
22994958677
22994981830
22994984296
22994986786
22994990494
22994996507
22994997885
22995000200
22995000217
22995003649
22995003773
22995005179
22995005432
22995015876
22995016508
22995018023
22995018552
22995022113
22995030404
22995035257
22995038634
22995051583
22995055681
22995057871
22995058548
22995059507
22995060198
22995063365
22995063404
22995065591
22995065607
22995066118
22995066676
22995070805
22995085280
22995090621
22995092775
22995098404
22995100199
22995108813
22995113144
22995115623
22995118080
22995118299
22995120320
22995141485
22995141923
22995151739
22995152280
22995153711
22995154466
22995156426
22995159679
22995171735
22995172048
22995172754
22995178044
22995188881
22995190921
22995191258
22995191969
22995207795
22995209079
22995212386
22995213091
22995213833
22995218254
22995222339
22995245762
22995246169
22995247917
22995254105
22995259142
22995263239
22995263708
22995268270
22995283746
22995291302
22995304818
22995304888
22995312544
22995322560
22995326082
22995330965
22995355634
22995364516
22995379470
22995379709
22995385858
22995393871
22995396832
22995398494
22995398518
22995415702
22995437118
22995447149
22995447781
22995449427
22995449544
22995451317
22995452741
22995454038
22995477234
22995481054
22995485846
22995507824
22995508294
22995508326
22995527059
22995527680
22995545359
22995550300
22995555550
22995556986
22995566230
22995567822
22995569791
22995570019
22995574299
22995579443
22995590801
22995598016
22995598166
22995610578
22995621220
22995621860
22995636976
22995640755
22995645244
22995648125
22995653748
22995662879
22995667996
22995670089
22995675784
22995677465
22995698357
22995705421
22995710867
22995719040
22995726799
22995731694
22995733667
22995738864
22995743649
22995746943
22995751230
22995757552
22995761430
22995774922
22995777711
22995790560
22995792194
22995794349
22995799576
22995802297
22995810473
22995812345
22995818170
22995822002
22995828820
22995853033
22995860384
22995860643
22995860932
22995861770
22995864085
22995867512
22995867680
22995872391
22995892968
22995894741
22995901969
22995905655
22995908462
22995911304
22995915188
22995925251
22995929484
22995931062
22995938458
22995948606
22995951469
22995953243
22995957339
22995958184
22995959383
22995967850
22995970225
22995975441
22995978728
22995985954
22995993464
22996000756
22996000817
22996001815
22996001858
22996002896
22996003311
22996003970
22996004571
22996006334
22996006947
22996007955
22996009035
22996010461
22996010929
22996011629
22996014904
22996015075
22996016644
22996018238
22996018906
22996019856
22996020470
22996021483
22996021587
22996023010
22996023179
22996023548
22996023636
22996024215
22996025237
22996027666
22996029043
22996029737
22996030434
22996031232
22996031602
22996033740
22996034043
22996037261
22996041151
22996043085
22996043305
22996043419
22996045627
22996050309
22996051840
22996052117
22996052358
22996057554
22996060581
22996060800
22996061006
22996062133
22996064378
22996065991
22996066234
22996066586
22996066592
22996068004
22996070312
22996071544
22996072721
22996076432
22996077021
22996077682
22996078613
22996079696
22996080536
22996080692
22996082486
22996084607
22996085269
22996086390
22996086988
22996087704
22996087913
22996091515
22996091560
22996092205
22996093957
22996094515
22996095188
22996096675
22996099579
22996100562
22996103044
22996104505
22996104887
22996105200
22996106648
22996106880
22996107653
22996107719
22996107922
22996109249
22996109846
22996111039
22996117156
22996120519
22996121139
22996121312
22996121905
22996122575
22996123924
22996125022
22996126729
22996128457
22996128589
22996129764
22996129974
22996131133
22996133281
22996133358
22996133645
22996136722
22996136911
22996140466
22996141081
22996143994
22996146100
22996146703
22996147474
22996148779
22996149030
22996149858
22996150159
22996151099
22996156004
22996156436
22996156561
22996157707
22996158059
22996160475
22996160784
22996161901
22996163109
22996165265
22996166640
22996167087
22996167137
22996168253
22996168388
22996168460
22996168827
22996168920
22996169541
22996169837
22996170488
22996170893
22996172375
22996174733
22996175415
22996177390
22996178975
22996179316
22996181131
22996182994
22996183464
22996183537
22996183775
22996183992
22996185055
22996185843
22996186112
22996187880
22996190757
22996191162
22996191923
22996192330
22996195427
22996199475
22996199973
22996199989
22996200112
22996200488
22996201954
22996202214
22996202423
22996205260
22996205514
22996205792
22996208551
22996210594
22996210598
22996210908
22996212764
22996212841
22996213430
22996214256
22996218101
22996218123
22996219606
22996220130
22996220621
22996224747
22996225553
22996226078
22996230006
22996231567
22996231920
22996232570
22996233612
22996233906
22996235330
22996235435
22996236203
22996236281
22996236989
22996238506
22996239634
22996239669
22996239728
22996242658
22996242764
22996244360
22996249884
22996251784
22996252132
22996253232
22996255298
22996259397
22996259536
22996260666
22996265406
22996265707
22996266860
22996268022
22996268047
22996269768
22996269827
22996270266
22996272040
22996274070
22996276271
22996276552
22996277018
22996277171
22996280188
22996281667
22996282467
22996282787
22996285291
22996287788
22996289000
22996290466
22996290490
22996290512
22996293628
22996293701
22996295784
22996296237
22996296490
22996298582
22996299621
22996301419
22996303403
22996303643
22996303844
22996304835
22996308116
22996308358
22996309244
22996309662
22996311103
22996311151
22996312320
22996312415
22996313547
22996318389
22996318611
22996318704
22996320175
22996322199
22996322649
22996324300
22996324494
22996324594
22996325556
22996325939
22996326152
22996326750
22996327091
22996328760
22996329105
22996329520
22996330377
22996330612
22996331462
22996334592
22996335476
22996339828
22996339995
22996340268
22996341970
22996345343
22996345438
22996345872
22996346625
22996347577
22996349090
22996349325
22996350661
22996352544
22996353589
22996355009
22996355452
22996356427
22996359208
22996360279
22996360404
22996361632
22996362022
22996362708
22996364487
22996366053
22996366914
22996367972
22996368000
22996370065
22996371730
22996372575
22996373857
22996373918
22996373933
22996375619
22996376498
22996377007
22996383411
22996385100
22996386308
22996386536
22996389879
22996390915
22996393921
22996395704
22996395928
22996397656
22996400594
22996402290
22996402326
22996402440
22996403156
22996404026
22996404232
22996406000
22996406419
22996407024
22996407064
22996408221
22996409087
22996409425
22996409780
22996409807
22996411135
22996411385
22996412447
22996412455
22996413992
22996415501
22996417770
22996418272
22996420020
22996420484
22996420657
22996422244
22996425053
22996430069
22996432301
22996433322
22996435176
22996435240
22996439802
22996440102
22996443935
22996445025
22996447000
22996448590
22996448637
22996449843
22996451084
22996452145
22996453876
22996454560
22996454995
22996455252
22996456976
22996459031
22996460708
22996462646
22996462752
22996464203
22996464532
22996465500
22996466479
22996468282
22996468398
22996468822
22996470563
22996471010
22996473617
22996473996
22996474097
22996474904
22996475115
22996475531
22996476006
22996479291
22996479320
22996479452
22996480906
22996481610
22996484846
22996488112
22996488248
22996489065
22996491843
22996491953
22996493435
22996494446
22996494823
22996497280
22996498117
22996502330
22996503030
22996503755
22996506282
22996507630
22996510409
22996515131
22996518345
22996520552
22996520658
22996522393
22996523451
22996524350
22996524454
22996525290
22996526228
22996531681
22996532279
22996533237
22996535321
22996536164
22996538065
22996539359
22996539431
22996546993
22996548161
22996548295
22996550350
22996550925
22996553377
22996555828
22996557183
22996557556
22996559293
22996560150
22996560762
22996561066
22996561099
22996561380
22996562067
22996562857
22996563110
22996563616
22996564212
22996567544
22996568159
22996569457
22996569889
22996571751
22996572595
22996572927
22996574778
22996575248
22996575251
22996577028
22996577360
22996577741
22996580202
22996581437
22996581488
22996581978
22996583854
22996585307
22996587898
22996588440
22996589943
22996590871
22996592094
22996592692
22996594942
22996595085
22996597974
22996598678
22996599990
22996600687
22996601041
22996604995
22996608383
22996611214
22996613739
22996613996
22996615646
22996615724
22996615737
22996616888
22996616996
22996617352
22996618425
22996618775
22996621132
22996633435
22996636234
22996639917
22996640291
22996640561
22996640564
22996642250
22996642626
22996643648
22996645856
22996649889
22996650465
22996651615
22996652484
22996653696
22996654884
22996656116
22996656316
22996657177
22996657436
22996663291
22996663635
22996665471
22996666090
22996668408
22996672244
22996676044
22996680845
22996682203
22996683596
22996685930
22996686275
22996688113
22996695679
22996697518
22996697675
22996700269
22996703120
22996705024
22996708302
22996709380
22996713374
22996714337
22996715049
22996716093
22996716625
22996720361
22996721940
22996722572
22996722802
22996723199
22996725383
22996726893
22996726948
22996727633
22996727953
22996727960
22996728370
22996729421
22996730293
22996731170
22996731592
22996731851
22996732192
22996733797
22996736774
22996736890
22996740292
22996743096
22996743668
22996743761
22996745341
22996745633
22996745996
22996746614
22996747830
22996748928
22996749965
22996750369
22996750378
22996751204
22996751802
22996752480
22996755475
22996756840
22996757479
22996757636
22996758200
22996758481
22996759256
22996761313
22996768072
22996770975
22996771780
22996780273
22996780735
22996782937
22996783478
22996785039
22996785704
22996785909
22996791543
22996794216
22996795780
22996796296
22996798606
22996799136
22996799526
22996800378
22996800842
22996800941
22996801270
22996801460
22996801723
22996802618
22996805252
22996806436
22996807008
22996808779
22996810537
22996812041
22996815013
22996816776
22996818124
22996818850
22996819154
22996822384
22996822677
22996823390
22996823994
22996824200
22996825454
22996826401
22996828282
22996828989
22996830338
22996831510
22996831683
22996838377
22996838406
22996839735
22996840398
22996841305
22996841321
22996841906
22996843939
22996844538
22996853667
22996854510
22996856405
22996857111
22996857992
22996858465
22996859192
22996862667
22996864440
22996868929
22996868994
22996871277
22996874097
22996874605
22996877982
22996879470
22996881482
22996881908
22996881969
22996882150
22996882747
22996884361
22996885136
22996887575
22996888021
22996888428
22996888708
22996891414
22996892735
22996893813
22996899961
22996902020
22996904390
22996906789
22996908368
22996908887
22996909949
22996910520
22996913876
22996914327
22996916654
22996916974
22996917674
22996919072
22996920407
22996921534
22996922101
22996922615
22996923123
22996926082
22996927481
22996928339
22996930822
22996931799
22996932088
22996933608
22996933778
22996937675
22996937903
22996940459
22996940752
22996947051
22996947796
22996948069
22996948971
22996951969
22996952343
22996952378
22996953803
22996956750
22996957838
22996957857
22996958124
22996958216
22996958568
22996960029
22996960281
22996960513
22996960681
22996963325
22996965353
22996965831
22996968975
22996970707
22996971253
22996972319
22996973868
22996977544
22996977946
22996978017
22996982060
22996982085
22996983003
22996984848
22996985152
22996988243
22996993901
22996995180
22996997161
22996997854
22996999469
22997000526
22997001115
22997001918
22997002165
22997003094
22997003715
22997003722
22997005554
22997006261
22997006863
22997008102
22997008293
22997010356
22997010621
22997011351
22997012406
22997014186
22997016737
22997017104
22997018295
22997020551
22997020851
22997025906
22997026510
22997027460
22997027891
22997027940
22997030952
22997031975
22997032547
22997034468
22997038348
22997039272
22997039792
22997039884
22997040492
22997040684
22997041574
22997042619
22997042686
22997046549
22997046578
22997048097
22997050512
22997051382
22997051399
22997051507
22997054480
22997054667
22997055248
22997055717
22997056635
22997056736
22997057315
22997059606
22997060063
22997060373
22997060514
22997060541
22997062965
22997063138
22997065271
22997065371
22997065520
22997068946
22997075646
22997076566
22997077747
22997077975
22997078074
22997079306
22997079815
22997080271
22997081098
22997082001
22997082885
22997083812
22997084235
22997084344
22997084566
22997085491
22997085500
22997086236
22997086302
22997086473
22997086945
22997087272
22997088902
22997090223
22997091812
22997092220
22997092965
22997092999
22997094145
22997094933
22997095104
22997095762
22997096395
22997096480
22997097315
22997098205
22997099318
22997099932
22997100173
22997100536
22997102893
22997103130
22997105615
22997107919
22997108662
22997110638
22997111296
22997112935
22997112940
22997115229
22997116611
22997116662
22997118309
22997119391
22997120297
22997123055
22997124126
22997125791
22997126264
22997126304
22997129056
22997130127
22997130186
22997130602
22997130727
22997131304
22997131467
22997133368
22997134147
22997134286
22997134365
22997134396
22997135861
22997136967
22997136988
22997138775
22997138906
22997138927
22997139925
22997141449
22997146564
22997146801
22997148285
22997149816
22997150096
22997150115
22997150909
22997151213
22997151904
22997154641
22997156264
22997156708
22997158146
22997159932
22997160670
22997160827
22997161709
22997161920
22997162279
22997163090
22997164012
22997164279
22997164401
22997164478
22997165542
22997166666
22997167969
22997169275
22997170025
22997171033
22997173934
22997173938
22997178101
22997179913
22997179992
22997180786
22997180909
22997181450
22997183618
22997185278
22997186063
22997186969
22997189798
22997190050
22997190186
22997193277
22997193406
22997193979
22997194740
22997198065
22997198161
22997198300
22997198974
22997199505
22997200312
22997203614
22997204202
22997205401
22997207868
22997210444
22997211608
22997211818
22997212082
22997213795
22997215534
22997216291
22997217816
22997218946
22997221718
22997222090
22997222201
22997222825
22997223497
22997224013
22997225219
22997225671
22997225989
22997226086
22997226100
22997226285
22997227081
22997227685
22997227896
22997230624
22997232426
22997235462
22997236453
22997236539
22997236757
22997237899
22997240210
22997240429
22997240918
22997241388
22997242956
22997243030
22997243245
22997246964
22997247564
22997247643
22997248300
22997248921
22997249696
22997251525
22997252370
22997252709
22997253009
22997257255
22997257427
22997257949
22997258512
22997259169
22997259272
22997259326
22997260493
22997261785
22997262194
22997262993
22997263526
22997265731
22997265921
22997266690
22997267186
22997267570
22997268109
22997268296
22997270356
22997270379
22997270703
22997271833
22997272795
22997273839
22997274632
22997275537
22997277735
22997278751
22997283790
22997284715
22997287687
22997289093
22997291268
22997292338
22997292801
22997292819
22997294591
22997298670
22997299579
22997299784
22997299965
22997300734
22997305302
22997307109
22997308048
22997310464
22997310700
22997311987
22997313697
22997313711
22997315250
22997315804
22997318165
22997319108
22997320108
22997320156
22997320300
22997320321
22997320733
22997321810
22997321940
22997326375
22997327064
22997327668
22997328329
22997328359
22997328790
22997329919
22997330259
22997330439
22997330778
22997331084
22997331412
22997331740
22997332318
22997332418
22997332949
22997333753
22997334648
22997335446
22997336070
22997336318
22997337359
22997338743
22997340516
22997340727
22997343794
22997345070
22997345196
22997345534
22997346024
22997349960
22997350913
22997350927
22997353431
22997353801
22997354145
22997354436
22997355782
22997358011
22997358646
22997359392
22997359945
22997360229
22997360759
22997361216
22997361819
22997361896
22997362637
22997363790
22997363983
22997365264
22997365641
22997366416
22997368136
22997370398
22997371796
22997373583
22997375348
22997375367
22997375892
22997376416
22997377072
22997380298
22997381069
22997381298
22997383891
22997384329
22997384539
22997386146
22997391022
22997391575
22997391632
22997392206
22997393052
22997393099
22997393467
22997394455
22997395628
22997396479
22997397001
22997397639
22997403014
22997404284
22997405310
22997406013
22997407128
22997407613
22997407816
22997408799
22997410254
22997412780
22997413490
22997414071
22997414383
22997414853
22997415348
22997416741
22997422411
22997422577
22997423308
22997424312
22997425067
22997425336
22997427874
22997430330
22997431511
22997435400
22997435587
22997435931
22997438458
22997439041
22997440494
22997440799
22997441241
22997441763
22997443313
22997444970
22997445716
22997446108
22997446868
22997447037
22997447111
22997447349
22997447517
22997447564
22997447616
22997447617
22997447990
22997448505
22997449155
22997449809
22997450116
22997452827
22997453233
22997453287
22997453586
22997453671
22997455553
22997460572
22997461138
22997463999
22997464191
22997464215
22997466597
22997470580
22997470687
22997471482
22997471970
22997473760
22997473767
22997474477
22997480816
22997480849
22997482022
22997483048
22997483347
22997483868
22997483911
22997484551
22997486052
22997487511
22997487721
22997488658
22997488891
22997492679
22997493161
22997494614
22997498812
22997499316
22997499991
22997500288
22997502515
22997503390
22997503477
22997503513
22997503900
22997503989
22997505220
22997505705
22997507263
22997507807
22997510524
22997511727
22997512673
22997512977
22997514196
22997519091
22997524044
22997524166
22997525143
22997525411
22997526287
22997527289
22997527318
22997533945
22997535752
22997536717
22997536821
22997537040
22997539784
22997540303
22997540489
22997540574
22997541849
22997544763
22997545696
22997547268
22997548930
22997551207
22997552681
22997553114
22997555166
22997556364
22997558029
22997558088
22997559948
22997565739
22997568441
22997571544
22997573057
22997574401
22997575294
22997577283
22997578115
22997579523
22997579611
22997580568
22997580816
22997581547
22997582020
22997582835
22997584601
22997585013
22997585162
22997585214
22997585464
22997586162
22997587260
22997587337
22997588398
22997589204
22997592363
22997594106
22997598600
22997598686
22997600102
22997601288
22997601998
22997602449
22997603114
22997604162
22997604231
22997604624
22997604709
22997605355
22997605602
22997605787
22997606059
22997606070
22997606659
22997607418
22997607734
22997608911
22997609608
22997609920
22997612330
22997614648
22997616062
22997616238
22997617391
22997617752
22997621888
22997623953
22997624116
22997625051
22997626236
22997626308
22997627565
22997628763
22997630418
22997631945
22997631972
22997634400
22997634440
22997635455
22997639119
22997639880
22997640397
22997641586
22997641892
22997642957
22997643737
22997645269
22997645507
22997645792
22997646667
22997646680
22997646910
22997647264
22997647622
22997648791
22997650491
22997651077
22997653030
22997654040
22997657144
22997661661
22997662758
22997664130
22997668183
22997668204
22997670132
22997672084
22997673887
22997674170
22997674419
22997677201
22997678371
22997678876
22997681272
22997682281
22997682663
22997683281
22997685163
22997685511
22997686023
22997686973
22997687619
22997687718
22997689130
22997689139
22997690133
22997691147
22997692024
22997692077
22997692673
22997692736
22997693390
22997694088
22997697425
22997697508
22997699209
22997699840
22997703527
22997703888
22997704241
22997705899
22997707656
22997713558
22997713841
22997714007
22997714457
22997716848
22997718653
22997719495
22997720101
22997720782
22997721771
22997721796
22997722170
22997723231
22997723965
22997725304
22997725526
22997727553
22997727865
22997728880
22997729994
22997730151
22997731313
22997731890
22997734287
22997735229
22997735454
22997735727
22997737644
22997737843
22997738071
22997738242
22997738997
22997739317
22997741597
22997741631
22997742929
22997744595
22997746563
22997747018
22997747421
22997747758
22997749965
22997750995
22997751175
22997752622
22997752861
22997752864
22997753506
22997755621
22997755686
22997755691
22997756667
22997760515
22997761476
22997762223
22997764736
22997765473
22997765610
22997766072
22997769111
22997770472
22997770799
22997772149
22997773706
22997775652
22997779529
22997780412
22997780872
22997780974
22997785834
22997786311
22997786809
22997791109
22997791180
22997794546
22997795656
22997796382
22997797518
22997798752
22997799207
22997799967
22997803333
22997806979
22997807751
22997809809
22997809881
22997811317
22997813976
22997814881
22997815020
22997815081
22997815254
22997821139
22997823184
22997829063
22997829973
22997830455
22997832283
22997835850
22997839880
22997840032
22997843865
22997846230
22997846455
22997847525
22997848156
22997851284
22997851402
22997852076
22997852925
22997853280
22997853593
22997858272
22997859198
22997860368
22997860707
22997861094
22997862386
22997864224
22997865155
22997867160
22997867258
22997867393
22997868203
22997868586
22997870881
22997870911
22997871190
22997873696
22997874698
22997876845
22997876995
22997877868
22997878491
22997879154
22997879825
22997881340
22997882760
22997883237
22997883491
22997883899
22997884761
22997885283
22997885572
22997885575
22997886576
22997887319
22997887840
22997889770
22997892281
22997892704
22997893172
22997895301
22997895670
22997895808
22997896604
22997900320
22997900688
22997901670
22997901792
22997902829
22997907775
22997909110
22997909355
22997910003
22997911853
22997914832
22997917298
22997917476
22997917582
22997922506
22997926128
22997928205
22997928583
22997929454
22997929989
22997932126
22997935133
22997936665
22997938188
22997938228
22997940009
22997940309
22997943103
22997945124
22997945540
22997948310
22997951799
22997951979
22997954673
22997954795
22997957040
22997960105
22997960812
22997962227
22997962299
22997962904
22997963032
22997963068
22997963630
22997963665
22997964181
22997966651
22997968812
22997969435
22997969763
22997970148
22997970534
22997970621
22997975427
22997977524
22997977825
22997980023
22997980826
22997980928
22997982918
22997982997
22997983371
22997983623
22997984388
22997985127
22997985455
22997985466
22997985777
22997985872
22997986212
22997986421
22997986442
22997987722
22997988299
22997989136
22997990320
22997992417
22997993432
22997994353
22997996790
22997997773
22997999389
22998013434
22998014343
22998107103
22998116668
22998131117
22998138314
22998154018
22998160505
22998171449
22998189530
22998207543
22998217435
22998228627
22998240105
22998247284
22998254485
22998254518
22998260552
22998263355
22998264444
22998288099
22998288568
22998307138
22998347998
22998353466
22998378837
22998378938
22998393480
22998394777
22998415752
22998424098
22998433220
22998437330
22998485182
22998490587
22998493854
22998494359
22998506617
22998508989
22998520482
22998520652
22998527739
22998541201
22998590739
22998619448
22998621123
22998621483
22998646304
22998649092
22998652393
22998666536
22998675667
22998682758
22998687206
22998730404
22998858695
22998868339
22998876089
22998904885
22998905737
22998908382
22998935912
22998946361
22998959144
22998970873
22998975235
22998989768
22998991271
22998997555
22999010723
22999014966
22999035696
22999062717
22999078564
22999104803
22999130401
22999143214
22999172660
22999174817
22999182380
22999198840
22999209397
22999218044
22999227972
22999229697
22999231716
22999264026
22999281625
22999283783
22999300833
22999303645
22999307332
22999335264
22999342642
22999343811
22999345264
22999366738
22999385819
22999389335
22999397093
22999427723
22999431472
22999433024
22999443020
22999451322
22999454891
22999474666
22999491512
22999518869
22999532386
22999538743
22999555014
22999567735
22999570709
22999575957
22999579485
22999645717
22999646573
22999661607
22999673389
22999680386
22999701744
22999750231
22999772856
22999779727
22999812623
22999812641
22999831907
22999844323
22999909735
22999911495
23562702130
23566300462
23672555854
23794420079
24106006568
24106270963
24106919750
24107329818
24162208317
24162598914
24166087634
24174760639
24177517764
24177856152
25761540583
31633880003
33609837405
33611790120
33634124659
33643016058
33643016858
33649989251
33650631010
33651946192
33659068155
33660139608
33675242848
33699460932
33745314416
33745564137
33751304084
33753065145
33753221301
33754260407
33755768411
33758128936
33764400831
33773371229
33774341977
33780008015
37256178978
41788811695
79513306247
79857480670
79944264521
96171923443
212604975985
212774513449
213540667527
213551428659
218914929733
221765201904
221771340475
221771906957
221773454750
221773602299
221773604247
221773973207
221774153097
221774289367
221774399993
221775441278
221775674153
221778240134
221779512046
221784399010
221784866986
221785859421
221785867994
221785924919
224620213013
224628043426
224629127563
233234300029
233242566785
233268795002
233596548759
237653631664
240222169061
240555626697
242066131975
242069553672
243808751050
243840994782
243971421360
243990252611
243991091033
243994970770
250786930827
352621554310
352621554318
393271271267
393386140675
393713866846
447901086162
491717591770
559691573753
971509236509
971526225119
2250141279540
2250505525397
2250506522105
2250506967646
2250546811904
2250555139372
2250565292459
2250585696389
2250594594796
2250596114733
2250704409239
2250707932324
2250708372052
2250709196442
2250787469520
2250788450528
2250789816536
2250799750171
2347015213380
2347040376503
2347049589562
2347065536352
2347081559502
2347085682177
2347088942449
2348109420964
2348109976565
2348134953632
2348143403230
2348149730934
2348162868299
2349013671108
2349033753405
2349135081928
2349135708046
2349154615587
4917669491398
4917673856160
8613056755972
8613056938357
4126961020741993
4252962254807147
4344643312304670
4345407375561895
4357128301056808
4358573937579668
4382531331849035
4394150974020298
4411220108978163
4416725355093648
4447243818710689
4459789264121860
4464868366945961
4477384098997961
4481046368661698
4491572797616962
4495952717198193
4501281673306894
4514185395351251
4584630471655263
4602226796573143
4609647832423550
4612932918806574
4619518474821046
4620728734712993
4627652474009392
4632871023435383
4648714815234287
4697329483705948
4697490510362341
4700128823443669
4705693809539262
4706732216043107
4708617025844250
4730918260370089
4741340292658987
4748761578555294
4755008851293473
4764700583649680
4774040005984100
4777191009060089
4786415011486399
4788502824610332
4791780530950394
4796257177168747
4804198119635646
4809779955806305
4813203972067772
4819637641419379
4825577347557017
4825902787464739
4828259830629974
4849962661790185
4859209150871373
4861514790629011
4873338866047896
4873357519422916
4874631842657585
4881149661938133
4882251168517590
4884298124988660
4885744441524114
4886832428060296
4887637191304916
4888628911191737
4890094517775569
4902464769851993
4902833803103511
4905919942777634
4908109509311894
4914601451911151
4916861455014613
4916933171677879
4921663294586337
4922610437852017
4925464304235701
4926121950805173
4926321800754780
4929062010465591
4931929973540321
4933515443412639
4934368500011779
4935073473248998
4935179633269460
4935468709907281
4937019419721130
4937160826371256
4938812529489469
4939904362763694
4940921859325080
4941662769252231
4945439772199280
4946352102115002
4949412305171830
4950188888392071
4950725585014767
4952755931513801
4952994078102518
4962029207218203
4963392247111362
4964798303598380
4965656156882934
4970910502939709
4971478079565389
4972786676132258
4977137079035849
4978943558863431
4982615591822888
4986029454766524
4987035811372030
4987361831344413
4990376721079466
4990737334325880
4994792160567805
4997937223660463
4998048953595076
4998914390191664
5003239753085556
5005480309520069
5005515576195333
5008027219246760
5009380309105754
5010708309050409
5014011468659217
5018110828281177
5018267578252637
5019217501518533
5022150931209467
5025821234141106
5026051627479054
5027197944063631
5027616600647510
5028527207237471
5029391920440379
5032821570164679
5034336363312202
5039161276161295
5040722312682949
5041054339265382
5041693982540995
5045033025565848
5056454254434079
5059465477468522
5060620490697639
5063830033679045
5065359210243805
5073609729369097
5078143842273465
5078433112241247
5082503705122034
5086136181441823
5087870874661937
5095677043832387
5096307087058739
5101098396650112
5105798402776940
5118927148129871
5123130081080668
5125337224212283
5132740643415463
5143261089064504
5151223074921266
5162735713789081
5164136863666320
5166872473399466
5174331905979856
5175762055809967
5177115445655327
5181989751865065
5183528778376698
5194516070568917
5208825382509711
5222512437794492
5224809507570906
5225466964143622
5239504879439700
5239872256077036
5247410265326197
5248891668502609
5256837794366285
5265855393472620
5266464723375930
5268376366611855
5279792378778080
5281367015209678
5295157730496035
5296738177059244
5302383616449549
5308546302510322
5312094295492113
5320010188022047
5320524074648096
5321732147891215
5328666943878951
5329696680426814
5334532029903900
5343359915708728
5344305885633093
5347163941984169
5347198251968312
5352726991425682
5352885931409827
5354293231270307
5357260450971870
5372462966099641
5375092882514777
5385276951492005
5398982213446870
5399847893393975
5406166906061758
5410481052338131
5435553319829391
5445045562176177
5462300610465093
5469633133055598
5474794805872602
5474912815852772
5478772075485493
5491341277561729
5492439727455953
5502976929715599
5513514375346420
5531718616846773
5547552355274232
5549692661724924
5558448507517715
5564674876879163
5571952449499131
5616583468370552
5659549507394910
5680046638678566
5686726324687946
5698813796801882
5708230009193135
5739671602727061
5743108935717778
5770492586310819
5820570247960132
5827428053939118
5938975769464064
5952913374722798
5955805634514282
6594532203951274
6825094410897527
7063935227011887
7064907863583646
7089519891119972
7107628319311537
7144533765619037
7164560863616048
7166426900065955
7171365749602222
7179703878771458
7180027245405842
7184659171575441
7200294343345221
7203871036354231
7216121815095902
7224787417594164
7230887770318080
7248751345196295
7250622085009222
7283296098409769
7284196208289135
7299817400088165
7346111972129865
7351050668298243
7375582175816814
7383719078306598
7383891405015895
7396048063800224
7407133609359641
7415771508463762
7422455114462485
7473667849340812
7485008451539472
7496650423708445
7522298974454712
7523510964333233
7616748955003612
7619117564825993
7715355745173473
7728616803818867
7745095495531118
7748427798530975
7805672269446502
7832174120141702
7850192718339085
7852662904759312
7855429434482745
7952408948117955
7960550387316658
7989788064380193
8071831222842571
8133577996655932
